Human_Protein	Compound_Name	Rank	Score	Ires
P12268	Merimepodib	1	-7.91093826	70,71,93,94,95,251,255,274,275,276,325,326,327,365,387
P12268	Merimepodib	2	-7.85829353	93,251,252,253,254,257,274,275,280,282,285,288,289
P12268	Merimepodib	3	-7.78246403	58,60,238,239,240,241,243,264,265,267,269,294,296
P12268	Merimepodib	4	-7.72901344	252,253,254,257,275,276,277,280,282,285,288,289
P12268	Merimepodib	5	-7.57905149	70,71,93,94,251,252,253,274,275,276,325,326,327,365,387
P12268	Merimepodib	6	-7.32412624	52,54,355,358,380,382,477,481,484,485
P12268	Merimepodib	7	-7.3222847	58,60,238,239,240,241,243,264,265,267,269,294,296
P12268	Merimepodib	8	-7.32076263	70,93,251,252,253,274,275,276,277,280,282,325,326,327,365
P12268	Merimepodib	9	-7.32039785	58,60,62,234,236,238,239,240,242,267,269,296
P12268	Merimepodib	10	-7.24240971	70,71,93,94,251,252,253,274,275,276,277,280,282
P12268	Mycophenolic acid	1	-7.4583683	70,274,275,276,325,326,327,365,366,387,388
P12268	Mycophenolic acid	2	-7.40709734	52,54,60,355,358,380,382,477,481,484
P12268	Mycophenolic acid	3	-7.37144232	70,274,275,276,327,365,366,368,387,388
P12268	Mycophenolic acid	4	-7.12544107	70,274,275,276,325,326,327,365,366,387,388
P12268	Mycophenolic acid	5	-7.10171747	70,276,325,326,327,365,366,368,387,388
P12268	Mycophenolic acid	6	-7.03685284	58,239,240,241,243,264,267,269,293,294,295,296
P12268	Mycophenolic acid	7	-7.02582788	252,253,254,257,275,280,281,282,285
P12268	Mycophenolic acid	8	-6.91495132	52,54,57,60,355,358,380,382,477
P12268	Mycophenolic acid	9	-6.90396452	58,239,240,241,243,264,267,269,294,296
P12268	Mycophenolic acid	10	-6.90314054	52,54,57,60,355,358,380,382,477,484
P12268	Ribavirin	1	-6.81290483	52,54,355,358,380,382,477,484
P12268	Ribavirin	2	-6.56233931	70,274,275,276,325,326,327,365
P12268	Ribavirin	3	-6.39755726	70,327,365,366,368,387,388
P12268	Ribavirin	4	-6.38464832	355,358,380,382,477,481,484
P12268	Ribavirin	5	-6.35771656	70,325,327,365,366,387,388
P12268	Ribavirin	6	-6.31267643	93,94,95,97,251,253,255,274
P12268	Ribavirin	7	-6.21839476	70,276,325,326,327,365,366,387,388
P12268	Ribavirin	8	-6.21458578	70,71,93,94,274,275,276,327,365
P12268	Ribavirin	9	-6.20665073	52,54,355,358,380,382,477,484
P12268	Ribavirin	10	-6.15921164	54,57,355,358,380,382,477,484
P12268	Sanglifehrin A	1	-11.2060604	52,57,58,60,62,236,238,239,240,241,242,243,264,265,267,269,293,294,295,296
P12268	Sanglifehrin A	2	-11.0642033	52,58,60,62,233,234,236,238,239,240,241,242,264,265,267,269,294,296
P12268	Sanglifehrin A	3	-11.0287971	57,58,60,236,238,239,240,241,242,243,261,264,265,267,269,293,294,296
P12268	Sanglifehrin A	4	-10.8395739	52,58,60,62,234,236,238,239,240,241,242,243,264,265,267,269,294,295,296
P12268	Sanglifehrin A	5	-10.7438574	52,54,57,58,60,62,234,236,238,239,240,241,243,264,265,267,269,294,295,296
P12268	Sanglifehrin A	6	-10.7190561	58,60,238,239,240,241,261,264,265,267,269,292,293,294,295,296
P12268	Sanglifehrin A	7	-10.6454859	36,37,39,40,42,368,369,370,371,374,375,449,450,451,456,459,463,466,467,470
P12268	Sanglifehrin A	8	-10.6259909	47,62,85,232,233,234,235,454,455,458,459,461,462,465
P12268	Sanglifehrin A	9	-10.6225348	52,58,60,62,234,236,238,239,240,241,264,265,267,269,292,293,294,295,296
P12268	Sanglifehrin A	10	-10.5909891	33,36,37,39,42,368,369,370,371,374,375,459,463,466,467,470,493,498
P19784	Silmitasertib 	1	-10.9694195	46,47,48,49,51,52,54,67,115,159,161,176
P19784	Silmitasertib 	2	-10.9282751	46,48,49,51,52,54,67,115,116,119,159,161,176
P19784	Silmitasertib 	3	-10.4622688	46,47,48,52,54,67,115,116,119,121,161,176
P19784	Silmitasertib 	4	-10.1950483	46,47,48,49,51,52,54,67,115,119,159,161,176
P19784	Silmitasertib 	5	-10.1836624	47,48,49,51,52,54,67,115,159,161,176,179
P19784	Silmitasertib 	6	-10.1021309	46,47,48,49,52,54,67,115,119,121,159,161,176
P19784	Silmitasertib 	7	-9.77974892	46,47,48,52,54,67,115,116,119,121,161,176
P19784	Silmitasertib 	8	-9.71611118	44,46,47,54,67,115,116,118,119,121,161,176
P19784	Silmitasertib 	9	-9.65923023	44,46,47,48,54,67,115,119,121,161,176
P19784	Silmitasertib 	10	-9.59961987	46,47,48,49,52,54,67,115,116,119,121,161,176
P19784	TMCB	1	-7.31830978	46,47,48,49,52,54,67,115,116,119,159,161,176
P19784	TMCB	2	-6.78623915	46,47,48,49,51,52,54,67,115,119,159,161,176
P19784	TMCB	3	-6.64203739	44,46,47,48,54,67,115,116,118,119,121,161,176
P19784	TMCB	4	-6.57834291	46,47,48,49,52,54,67,115,116,119,159,161,176
P19784	TMCB	5	-6.57051659	44,46,47,48,52,54,67,115,116,119,121,161,176
P19784	TMCB	6	-6.50405693	46,47,48,52,54,67,115,116,119,121,159,161,176
P19784	TMCB	7	-6.46436739	46,47,48,49,51,52,54,67,119,159,161,176
P19784	TMCB	8	-6.42587328	46,47,48,49,51,52,54,67,119,159,161,176
P19784	TMCB	9	-6.41234541	44,46,47,48,52,54,67,115,116,119,161,176
P19784	TMCB	10	-6.35875559	46,47,48,52,54,67,115,116,119,161,176
P21964	Entacapone	1	-7.19698524	73,77,81,84,94,95,247,250,251,252
P21964	Entacapone	2	-6.68014908	77,81,84,94,95,247,250,251
P21964	Entacapone	3	-6.62400103	88,90,191,193,194,195,223,224
P21964	Entacapone	4	-6.25856829	88,90,191,193,194,223,224
P21964	Entacapone	5	-6.18435955	81,84,94,95,247,250,251,252
P21964	Entacapone	6	-6.1826539	73,77,81,84,94,95,247,250,251
P21964	Entacapone	7	-6.1500411	73,77,81,84,94,95,247,250,251,252
P21964	Entacapone	8	-5.99049664	81,84,94,95,247,250,251,252
P21964	Entacapone	9	-5.98445988	55,56,90,116,141,142,144,193
P21964	Entacapone	10	-5.93952751	84,94,95,247,250,251,252
P27448	Ruxolitinib	1	-6.99837065	170,171,173,175,232,233,293,296,297,299
P27448	Ruxolitinib	2	-6.78101254	62,63,70,85,134,135,136,138,139,195,196,204
P27448	Ruxolitinib	3	-6.74255228	80,81,113,117,134,136,188,189,191,366
P27448	Ruxolitinib	4	-6.57817316	108,111,113,117,321,322,323,324,325,331,352,362,365,366
P27448	Ruxolitinib	5	-6.5710969	62,70,85,134,135,136,138,139,182,195,196,204
P27448	Ruxolitinib	6	-6.52304935	108,109,111,117,172,321,322,324,352,362
P27448	Ruxolitinib	7	-6.47802925	99,177,178,200,201,202,211,212,215,216,223,224,229
P27448	Ruxolitinib	8	-6.47120714	60,62,63,70,134,135,136,138,139,182,195,196,204
P27448	Ruxolitinib	9	-6.46481323	111,113,117,319,321,322,323,324,325,352,362,366
P27448	Ruxolitinib	10	-6.44903755	113,157,161,311,314,315,317,318,319,320
P27448	ZINC95559591	1	-7.28058815	60,61,62,63,70,85,134,135,136,138,139,182,195,196,204
P27448	ZINC95559591	2	-7.1406765	62,63,70,85,134,135,136,138,139,182,195,196,204
P27448	ZINC95559591	3	-7.1314044	62,63,70,85,134,135,136,138,139,182,195,196,204
P27448	ZINC95559591	4	-6.87389898	62,63,64,70,85,134,135,136,138,139,182,195,196,204,210
P27448	ZINC95559591	5	-6.84551287	62,63,64,65,70,85,134,135,136,138,139,182,195,196,204,210,211
P27448	ZINC95559591	6	-6.81713963	60,62,63,70,85,134,135,136,137,138,139,142,182,195,196,204
P27448	ZINC95559591	7	-6.7931571	80,81,113,117,134,136,188,189,191,362,365,366
P27448	ZINC95559591	8	-6.76337767	62,63,64,65,66,67,70,85,134,135,139,182,195,196,201,202,204,210,211
P27448	ZINC95559591	9	-6.73474836	99,102,175,177,178,198,200,201,212,215,216,223,224,229,258
P27448	ZINC95559591	10	-6.70697498	62,63,70,85,134,135,136,137,138,139,142,143,146,147,182,195,196,204
Q92769	Apicidin	1	-7.70523453	28,99,100,150,151,205,206,271,272,302
Q92769	Apicidin	2	-7.68748569	55,56,58,64,67,120,123,124,129,162,163,166
Q92769	Apicidin	3	-7.58639812	21,22,24,32,34,271,305,306,307,336,337
Q92769	Apicidin	4	-7.48414946	28,99,100,150,151,205,206,271,272
Q92769	Apicidin	5	-7.38237667	55,56,58,64,67,120,123,127,163,166,167
Q92769	Apicidin	6	-7.3454895	28,100,150,151,205,206,271,272,302
Q92769	Apicidin	7	-7.31250048	28,100,150,151,205,206,271,272,274
Q92769	Apicidin	8	-7.29989719	96,99,100,150,151,205,206,207,272,302
Q92769	Apicidin	9	-7.29286957	21,22,24,32,34,271,305,306,307,337
Q92769	Apicidin	10	-7.28821468	67,68,145,162,186,187,189,190,191,209,217
Q92769	Valproic Acid	1	-4.99640608	100,150,151,205,206,272,302
Q92769	Valproic Acid	2	-4.70508385	137,151
Q92769	Valproic Acid	3	-4.66124344	186,189,209,214
Q92769	Valproic Acid	4	-4.55645847	100,150,151,205,206,272
Q92769	Valproic Acid	5	-4.49557114	100,150,151,205,206,272,302
Q92769	Valproic Acid	6	-4.38881016	186,189,209,214
Q92769	Valproic Acid	7	-4.38207245	78,81,105,106,109,112
Q92769	Valproic Acid	8	-4.30508852	100,150,151,206,272
Q92769	Valproic Acid	9	-4.2750473	78,81,106,109,112
Q92769	Valproic Acid	10	-4.26377392	269,307,339,340,341,345,346,347
