Human_Protein	Compound_Name	Viral_Interactor	Docking_Rank	Score	Drug_Ires	Protein_Ires	Source	Jaccard_Similarity	Drug_Ires_Coverage	Log2OR	LowerCI	UpperCI	p-value
P12268	Merimepodib	COVID19nsp14	1	-7.91093826	70,71,93,94,95,251,255,274,275,276,325,326,327,365,387	36,37,38,39,40,41,42,45,238,242,371,392,394,395,399,400,449,450,451,452,455,456,459,462,463,466,467,469,470,472,491,492,493,494,496,497,498	Docking	0.0	0.0				
P12268	Merimepodib	COVID19nsp14	2	-7.85829353	93,251,252,253,254,257,274,275,280,282,285,288,289	36,37,38,39,40,41,42,45,238,242,371,392,394,395,399,400,449,450,451,452,455,456,459,462,463,466,467,469,470,472,491,492,493,494,496,497,498	Docking	0.0	0.0				
P12268	Merimepodib	COVID19nsp14	3	-7.78246403	58,60,238,239,240,241,243,264,265,267,269,294,296	36,37,38,39,40,41,42,45,238,242,371,392,394,395,399,400,449,450,451,452,455,456,459,462,463,466,467,469,470,472,491,492,493,494,496,497,498	Docking	0.0204081632653	0.0769230769231	0.0264722113612	-2.47746971549	2.53041413822	0.49306284491
P12268	Merimepodib	COVID19nsp14	4	-7.72901344	252,253,254,257,275,276,277,280,282,285,288,289	36,37,38,39,40,41,42,45,238,242,371,392,394,395,399,400,449,450,451,452,455,456,459,462,463,466,467,469,470,472,491,492,493,494,496,497,498	Docking	0.0	0.0				
P12268	Merimepodib	COVID19nsp14	5	-7.57905149	70,71,93,94,251,252,253,274,275,276,325,326,327,365,387	36,37,38,39,40,41,42,45,238,242,371,392,394,395,399,400,449,450,451,452,455,456,459,462,463,466,467,469,470,472,491,492,493,494,496,497,498	Docking	0.0	0.0				
P12268	Merimepodib	COVID19nsp14	6	-7.32412624	52,54,355,358,380,382,477,481,484,485	36,37,38,39,40,41,42,45,238,242,371,392,394,395,399,400,449,450,451,452,455,456,459,462,463,466,467,469,470,472,491,492,493,494,496,497,498	Docking	0.0	0.0				
P12268	Merimepodib	COVID19nsp14	7	-7.3222847	58,60,238,239,240,241,243,264,265,267,269,294,296	36,37,38,39,40,41,42,45,238,242,371,392,394,395,399,400,449,450,451,452,455,456,459,462,463,466,467,469,470,472,491,492,493,494,496,497,498	Docking	0.0204081632653	0.0769230769231	0.0264722113612	-2.47746971549	2.53041413822	0.49306284491
P12268	Merimepodib	COVID19nsp14	8	-7.32076263	70,93,251,252,253,274,275,276,277,280,282,325,326,327,365	36,37,38,39,40,41,42,45,238,242,371,392,394,395,399,400,449,450,451,452,455,456,459,462,463,466,467,469,470,472,491,492,493,494,496,497,498	Docking	0.0	0.0				
P12268	Merimepodib	COVID19nsp14	9	-7.32039785	58,60,62,234,236,238,239,240,242,267,269,296	36,37,38,39,40,41,42,45,238,242,371,392,394,395,399,400,449,450,451,452,455,456,459,462,463,466,467,469,470,472,491,492,493,494,496,497,498	Docking	0.0425531914894	0.166666666667	1.33669144756	-0.548082620741	3.22146551586	0.121698368015
P12268	Merimepodib	COVID19nsp14	10	-7.24240971	70,71,93,94,251,252,253,274,275,276,277,280,282	36,37,38,39,40,41,42,45,238,242,371,392,394,395,399,400,449,450,451,452,455,456,459,462,463,466,467,469,470,472,491,492,493,494,496,497,498	Docking	0.0	0.0				
P12268	Mycophenolic acid	COVID19nsp14	1	-7.4583683	70,274,275,276,325,326,327,365,366,387,388	36,37,38,39,40,41,42,45,238,242,371,392,394,395,399,400,449,450,451,452,455,456,459,462,463,466,467,469,470,472,491,492,493,494,496,497,498	Docking	0.0	0.0				
P12268	Mycophenolic acid	COVID19nsp14	2	-7.40709734	52,54,60,355,358,380,382,477,481,484	36,37,38,39,40,41,42,45,238,242,371,392,394,395,399,400,449,450,451,452,455,456,459,462,463,466,467,469,470,472,491,492,493,494,496,497,498	Docking	0.0	0.0				
P12268	Mycophenolic acid	COVID19nsp14	3	-7.37144232	70,274,275,276,327,365,366,368,387,388	36,37,38,39,40,41,42,45,238,242,371,392,394,395,399,400,449,450,451,452,455,456,459,462,463,466,467,469,470,472,491,492,493,494,496,497,498	Docking	0.0	0.0				
P12268	Mycophenolic acid	COVID19nsp14	4	-7.12544107	70,274,275,276,325,326,327,365,366,387,388	36,37,38,39,40,41,42,45,238,242,371,392,394,395,399,400,449,450,451,452,455,456,459,462,463,466,467,469,470,472,491,492,493,494,496,497,498	Docking	0.0	0.0				
P12268	Mycophenolic acid	COVID19nsp14	5	-7.10171747	70,276,325,326,327,365,366,368,387,388	36,37,38,39,40,41,42,45,238,242,371,392,394,395,399,400,449,450,451,452,455,456,459,462,463,466,467,469,470,472,491,492,493,494,496,497,498	Docking	0.0	0.0				
P12268	Mycophenolic acid	COVID19nsp14	6	-7.03685284	58,239,240,241,243,264,267,269,293,294,295,296	36,37,38,39,40,41,42,45,238,242,371,392,394,395,399,400,449,450,451,452,455,456,459,462,463,466,467,469,470,472,491,492,493,494,496,497,498	Docking	0.0	0.0				
P12268	Mycophenolic acid	COVID19nsp14	7	-7.02582788	252,253,254,257,275,280,281,282,285	36,37,38,39,40,41,42,45,238,242,371,392,394,395,399,400,449,450,451,452,455,456,459,462,463,466,467,469,470,472,491,492,493,494,496,497,498	Docking	0.0	0.0				
P12268	Mycophenolic acid	COVID19nsp14	8	-6.91495132	52,54,57,60,355,358,380,382,477	36,37,38,39,40,41,42,45,238,242,371,392,394,395,399,400,449,450,451,452,455,456,459,462,463,466,467,469,470,472,491,492,493,494,496,497,498	Docking	0.0	0.0				
P12268	Mycophenolic acid	COVID19nsp14	9	-6.90396452	58,239,240,241,243,264,267,269,294,296	36,37,38,39,40,41,42,45,238,242,371,392,394,395,399,400,449,450,451,452,455,456,459,462,463,466,467,469,470,472,491,492,493,494,496,497,498	Docking	0.0	0.0				
P12268	Mycophenolic acid	COVID19nsp14	10	-6.90314054	52,54,57,60,355,358,380,382,477,484	36,37,38,39,40,41,42,45,238,242,371,392,394,395,399,400,449,450,451,452,455,456,459,462,463,466,467,469,470,472,491,492,493,494,496,497,498	Docking	0.0	0.0				
P12268	Ribavirin	COVID19nsp14	1	-6.81290483	52,54,355,358,380,382,477,484	36,37,38,39,40,41,42,45,238,242,371,392,394,395,399,400,449,450,451,452,455,456,459,462,463,466,467,469,470,472,491,492,493,494,496,497,498	Docking	0.0	0.0				
P12268	Ribavirin	COVID19nsp14	2	-6.56233931	70,274,275,276,325,326,327,365	36,37,38,39,40,41,42,45,238,242,371,392,394,395,399,400,449,450,451,452,455,456,459,462,463,466,467,469,470,472,491,492,493,494,496,497,498	Docking	0.0	0.0				
P12268	Ribavirin	COVID19nsp14	3	-6.39755726	70,327,365,366,368,387,388	36,37,38,39,40,41,42,45,238,242,371,392,394,395,399,400,449,450,451,452,455,456,459,462,463,466,467,469,470,472,491,492,493,494,496,497,498	Docking	0.0	0.0				
P12268	Ribavirin	COVID19nsp14	4	-6.38464832	355,358,380,382,477,481,484	36,37,38,39,40,41,42,45,238,242,371,392,394,395,399,400,449,450,451,452,455,456,459,462,463,466,467,469,470,472,491,492,493,494,496,497,498	Docking	0.0	0.0				
P12268	Ribavirin	COVID19nsp14	5	-6.35771656	70,325,327,365,366,387,388	36,37,38,39,40,41,42,45,238,242,371,392,394,395,399,400,449,450,451,452,455,456,459,462,463,466,467,469,470,472,491,492,493,494,496,497,498	Docking	0.0	0.0				
P12268	Ribavirin	COVID19nsp14	6	-6.31267643	93,94,95,97,251,253,255,274	36,37,38,39,40,41,42,45,238,242,371,392,394,395,399,400,449,450,451,452,455,456,459,462,463,466,467,469,470,472,491,492,493,494,496,497,498	Docking	0.0	0.0				
P12268	Ribavirin	COVID19nsp14	7	-6.21839476	70,276,325,326,327,365,366,387,388	36,37,38,39,40,41,42,45,238,242,371,392,394,395,399,400,449,450,451,452,455,456,459,462,463,466,467,469,470,472,491,492,493,494,496,497,498	Docking	0.0	0.0				
P12268	Ribavirin	COVID19nsp14	8	-6.21458578	70,71,93,94,274,275,276,327,365	36,37,38,39,40,41,42,45,238,242,371,392,394,395,399,400,449,450,451,452,455,456,459,462,463,466,467,469,470,472,491,492,493,494,496,497,498	Docking	0.0	0.0				
P12268	Ribavirin	COVID19nsp14	9	-6.20665073	52,54,355,358,380,382,477,484	36,37,38,39,40,41,42,45,238,242,371,392,394,395,399,400,449,450,451,452,455,456,459,462,463,466,467,469,470,472,491,492,493,494,496,497,498	Docking	0.0	0.0				
P12268	Ribavirin	COVID19nsp14	10	-6.15921164	54,57,355,358,380,382,477,484	36,37,38,39,40,41,42,45,238,242,371,392,394,395,399,400,449,450,451,452,455,456,459,462,463,466,467,469,470,472,491,492,493,494,496,497,498	Docking	0.0	0.0				
P12268	Sanglifehrin A	COVID19nsp14	1	-11.2060604	52,57,58,60,62,236,238,239,240,241,242,243,264,265,267,269,293,294,295,296	36,37,38,39,40,41,42,45,238,242,371,392,394,395,399,400,449,450,451,452,455,456,459,462,463,466,467,469,470,472,491,492,493,494,496,497,498	Docking	0.0363636363636	0.1	0.462343214057	-1.3548884875	2.27957491561	0.337795731848
P12268	Sanglifehrin A	COVID19nsp14	2	-11.0642033	52,58,60,62,233,234,236,238,239,240,241,242,264,265,267,269,294,296	36,37,38,39,40,41,42,45,238,242,371,392,394,395,399,400,449,450,451,452,455,456,459,462,463,466,467,469,470,472,491,492,493,494,496,497,498	Docking	0.0377358490566	0.111111111111	0.638901307832	-1.1890421626	2.46684477827	0.282676794958
P12268	Sanglifehrin A	COVID19nsp14	3	-11.0287971	57,58,60,236,238,239,240,241,242,243,261,264,265,267,269,293,294,296	36,37,38,39,40,41,42,45,238,242,371,392,394,395,399,400,449,450,451,452,455,456,459,462,463,466,467,469,470,472,491,492,493,494,496,497,498	Docking	0.0377358490566	0.111111111111	0.638901307832	-1.1890421626	2.46684477827	0.282676794958
P12268	Sanglifehrin A	COVID19nsp14	4	-10.8395739	52,58,60,62,234,236,238,239,240,241,242,243,264,265,267,269,294,295,296	36,37,38,39,40,41,42,45,238,242,371,392,394,395,399,400,449,450,451,452,455,456,459,462,463,466,467,469,470,472,491,492,493,494,496,497,498	Docking	0.037037037037	0.105263157895	0.548125732541	-1.27415414589	2.37040561097	0.310385661183
P12268	Sanglifehrin A	COVID19nsp14	5	-10.7438574	52,54,57,58,60,62,234,236,238,239,240,241,243,264,265,267,269,294,295,296	36,37,38,39,40,41,42,45,238,242,371,392,394,395,399,400,449,450,451,452,455,456,459,462,463,466,467,469,470,472,491,492,493,494,496,497,498	Docking	0.0178571428571	0.05	-0.659629300159	-3.12884846892	1.8095898686	0.330183113542
P12268	Sanglifehrin A	COVID19nsp14	6	-10.7190561	58,60,238,239,240,241,261,264,265,267,269,292,293,294,295,296	36,37,38,39,40,41,42,45,238,242,371,392,394,395,399,400,449,450,451,452,455,456,459,462,463,466,467,469,470,472,491,492,493,494,496,497,498	Docking	0.0192307692308	0.0625	-0.30532612755	-2.79047383529	2.17982158019	0.419924238408
P12268	Sanglifehrin A	COVID19nsp14	7	-10.6454859	36,37,39,40,42,368,369,370,371,374,375,449,450,451,456,459,463,466,467,470	36,37,38,39,40,41,42,45,238,242,371,392,394,395,399,400,449,450,451,452,455,456,459,462,463,466,467,469,470,472,491,492,493,494,496,497,498	Docking	0.357142857143	0.75	5.92966190327	4.59916369186	7.26016011468	1.14463993839e-13
P12268	Sanglifehrin A	COVID19nsp14	8	-10.6259909	47,62,85,232,233,234,235,454,455,458,459,461,462,465	36,37,38,39,40,41,42,45,238,242,371,392,394,395,399,400,449,450,451,452,455,456,459,462,463,466,467,469,470,472,491,492,493,494,496,497,498	Docking	0.0625	0.214285714286	1.82270288639	0.2203913585	3.42501441428	0.030665854972
P12268	Sanglifehrin A	COVID19nsp14	9	-10.6225348	52,58,60,62,234,236,238,239,240,241,264,265,267,269,292,293,294,295,296	36,37,38,39,40,41,42,45,238,242,371,392,394,395,399,400,449,450,451,452,455,456,459,462,463,466,467,469,470,472,491,492,493,494,496,497,498	Docking	0.0181818181818	0.0526315789474	-0.57829877044	-3.05084380232	1.89424626144	0.350225538756
P12268	Sanglifehrin A	COVID19nsp14	10	-10.5909891	33,36,37,39,42,368,369,370,371,374,375,459,463,466,467,470,493,498	36,37,38,39,40,41,42,45,238,242,371,392,394,395,399,400,449,450,451,452,455,456,459,462,463,466,467,469,470,472,491,492,493,494,496,497,498	Docking	0.279069767442	0.666666666667	5.15704371015	3.87420154912	6.43988587117	1.89152027374e-11
P19784	Silmitasertib 	COVID19N	1	-10.9694195	46,47,48,49,51,52,54,67,115,159,161,176	47,48,49,50,51,121,123,124,127,159,161,176,179,190,192,194,195,196,197,231,235,237,238,239,241,245,248,269,272,273,277	Docking	0.194444444444	0.583333333333	4.11963284691	2.64171525972	5.59755043411	2.27036671274e-06
P19784	Silmitasertib 	COVID19N	2	-10.9282751	46,48,49,51,52,54,67,115,116,119,159,161,176	47,48,49,50,51,121,123,124,127,159,161,176,179,190,192,194,195,196,197,231,235,237,238,239,241,245,248,269,272,273,277	Docking	0.157894736842	0.461538461538	3.34320475452	1.93349738149	4.75291212755	4.7924190642e-05
P19784	Silmitasertib 	COVID19N	3	-10.4622688	46,47,48,52,54,67,115,116,119,121,161,176	47,48,49,50,51,121,123,124,127,159,161,176,179,190,192,194,195,196,197,231,235,237,238,239,241,245,248,269,272,273,277	Docking	0.131578947368	0.416666666667	3.02358682032	1.55174469301	4.49542894762	0.000363747164427
P19784	Silmitasertib 	COVID19N	4	-10.1950483	46,47,48,49,51,52,54,67,115,119,159,161,176	47,48,49,50,51,121,123,124,127,159,161,176,179,190,192,194,195,196,197,231,235,237,238,239,241,245,248,269,272,273,277	Docking	0.189189189189	0.538461538462	3.85174904142	2.43873941208	5.26475867075	3.66735487067e-06
P19784	Silmitasertib 	COVID19N	5	-10.1836624	47,48,49,51,52,54,67,115,159,161,176,179	47,48,49,50,51,121,123,124,127,159,161,176,179,190,192,194,195,196,197,231,235,237,238,239,241,245,248,269,272,273,277	Docking	0.228571428571	0.666666666667	4.70043971814	3.1592120701	6.24166736618	2.63135849665e-07
P19784	Silmitasertib 	COVID19N	6	-10.1021309	46,47,48,49,52,54,67,115,119,121,159,161,176	47,48,49,50,51,121,123,124,127,159,161,176,179,190,192,194,195,196,197,231,235,237,238,239,241,245,248,269,272,273,277	Docking	0.189189189189	0.538461538462	3.85174904142	2.43873941208	5.26475867075	3.66735487067e-06
P19784	Silmitasertib 	COVID19N	7	-9.77974892	46,47,48,52,54,67,115,116,119,121,161,176	47,48,49,50,51,121,123,124,127,159,161,176,179,190,192,194,195,196,197,231,235,237,238,239,241,245,248,269,272,273,277	Docking	0.131578947368	0.416666666667	3.02358682032	1.55174469301	4.49542894762	0.000363747164427
P19784	Silmitasertib 	COVID19N	8	-9.71611118	44,46,47,54,67,115,116,118,119,121,161,176	47,48,49,50,51,121,123,124,127,159,161,176,179,190,192,194,195,196,197,231,235,237,238,239,241,245,248,269,272,273,277	Docking	0.102564102564	0.333333333333	2.44968364209	0.920185033617	3.97918225055	0.00421382033634
P19784	Silmitasertib 	COVID19N	9	-9.65923023	44,46,47,48,54,67,115,119,121,161,176	47,48,49,50,51,121,123,124,127,159,161,176,179,190,192,194,195,196,197,231,235,237,238,239,241,245,248,269,272,273,277	Docking	0.135135135135	0.454545454545	3.25084499683	1.73416038965	4.767529604	0.000211293377314
P19784	Silmitasertib 	COVID19N	10	-9.59961987	46,47,48,49,52,54,67,115,116,119,121,161,176	47,48,49,50,51,121,123,124,127,159,161,176,179,190,192,194,195,196,197,231,235,237,238,239,241,245,248,269,272,273,277	Docking	0.157894736842	0.461538461538	3.34320475452	1.93349738149	4.75291212755	4.7924190642e-05
P19784	TMCB	COVID19N	1	-7.31830978	46,47,48,49,52,54,67,115,116,119,159,161,176	47,48,49,50,51,121,123,124,127,159,161,176,179,190,192,194,195,196,197,231,235,237,238,239,241,245,248,269,272,273,277	Docking	0.157894736842	0.461538461538	3.34320475452	1.93349738149	4.75291212755	4.7924190642e-05
P19784	TMCB	COVID19N	2	-6.78623915	46,47,48,49,51,52,54,67,115,119,159,161,176	47,48,49,50,51,121,123,124,127,159,161,176,179,190,192,194,195,196,197,231,235,237,238,239,241,245,248,269,272,273,277	Docking	0.189189189189	0.538461538462	3.85174904142	2.43873941208	5.26475867075	3.66735487067e-06
P19784	TMCB	COVID19N	3	-6.64203739	44,46,47,48,54,67,115,116,118,119,121,161,176	47,48,49,50,51,121,123,124,127,159,161,176,179,190,192,194,195,196,197,231,235,237,238,239,241,245,248,269,272,273,277	Docking	0.128205128205	0.384615384615	2.826059521	1.38876136704	4.26335767495	0.000610002379588
P19784	TMCB	COVID19N	4	-6.57834291	46,47,48,49,52,54,67,115,116,119,159,161,176	47,48,49,50,51,121,123,124,127,159,161,176,179,190,192,194,195,196,197,231,235,237,238,239,241,245,248,269,272,273,277	Docking	0.157894736842	0.461538461538	3.34320475452	1.93349738149	4.75291212755	4.7924190642e-05
P19784	TMCB	COVID19N	5	-6.57051659	44,46,47,48,52,54,67,115,116,119,121,161,176	47,48,49,50,51,121,123,124,127,159,161,176,179,190,192,194,195,196,197,231,235,237,238,239,241,245,248,269,272,273,277	Docking	0.128205128205	0.384615384615	2.826059521	1.38876136704	4.26335767495	0.000610002379588
P19784	TMCB	COVID19N	6	-6.50405693	46,47,48,52,54,67,115,116,119,121,159,161,176	47,48,49,50,51,121,123,124,127,159,161,176,179,190,192,194,195,196,197,231,235,237,238,239,241,245,248,269,272,273,277	Docking	0.157894736842	0.461538461538	3.34320475452	1.93349738149	4.75291212755	4.7924190642e-05
P19784	TMCB	COVID19N	7	-6.46436739	46,47,48,49,51,52,54,67,119,159,161,176	47,48,49,50,51,121,123,124,127,159,161,176,179,190,192,194,195,196,197,231,235,237,238,239,241,245,248,269,272,273,277	Docking	0.194444444444	0.583333333333	4.11963284691	2.64171525972	5.59755043411	2.27036671274e-06
P19784	TMCB	COVID19N	8	-6.42587328	46,47,48,49,51,52,54,67,119,159,161,176	47,48,49,50,51,121,123,124,127,159,161,176,179,190,192,194,195,196,197,231,235,237,238,239,241,245,248,269,272,273,277	Docking	0.194444444444	0.583333333333	4.11963284691	2.64171525972	5.59755043411	2.27036671274e-06
P19784	TMCB	COVID19N	9	-6.41234541	44,46,47,48,52,54,67,115,116,119,161,176	47,48,49,50,51,121,123,124,127,159,161,176,179,190,192,194,195,196,197,231,235,237,238,239,241,245,248,269,272,273,277	Docking	0.102564102564	0.333333333333	2.44968364209	0.920185033617	3.97918225055	0.00421382033634
P19784	TMCB	COVID19N	10	-6.35875559	46,47,48,52,54,67,115,116,119,161,176	47,48,49,50,51,121,123,124,127,159,161,176,179,190,192,194,195,196,197,231,235,237,238,239,241,245,248,269,272,273,277	Docking	0.105263157895	0.363636363636	2.64721094141	1.08520605741	4.20921582541	0.00265484732763
P21964	Entacapone	COVID19nsp7	1	-7.19698524	73,77,81,84,94,95,247,250,251,252	55,56,58,84,85,86,87,88,90,191,193,194,223,224,251,252,253	Docking	0.125	0.3	2.56270969387	0.798354712294	4.32706467545	0.00844404648186
P21964	Entacapone	COVID19nsp7	2	-6.68014908	77,81,84,94,95,247,250,251	55,56,58,84,85,86,87,88,90,191,193,194,223,224,251,252,253	Docking	0.0869565217391	0.25	2.10805974586	0.0687954806353	4.14732401108	0.0445331672236
P21964	Entacapone	COVID19nsp7	3	-6.62400103	88,90,191,193,194,195,223,224	55,56,58,84,85,86,87,88,90,191,193,194,223,224,251,252,253	Docking	0.388888888889	0.875	7.12205144771	4.4711803955	9.77292249993	4.95332259931e-06
P21964	Entacapone	COVID19nsp7	4	-6.25856829	88,90,191,193,194,223,224	55,56,58,84,85,86,87,88,90,191,193,194,223,224,251,252,253	Docking	0.411764705882	1.0				
P21964	Entacapone	COVID19nsp7	5	-6.18435955	81,84,94,95,247,250,251,252	55,56,58,84,85,86,87,88,90,191,193,194,223,224,251,252,253	Docking	0.136363636364	0.375	3.06300979753	1.20978718312	4.91623241193	0.0032777718804
P21964	Entacapone	COVID19nsp7	6	-6.1826539	73,77,81,84,94,95,247,250,251	55,56,58,84,85,86,87,88,90,191,193,194,223,224,251,252,253	Docking	0.0833333333333	0.222222222222	1.8782115196	-0.127947032703	3.88437007191	0.0617863213983
P21964	Entacapone	COVID19nsp7	7	-6.1500411	73,77,81,84,94,95,247,250,251,252	55,56,58,84,85,86,87,88,90,191,193,194,223,224,251,252,253	Docking	0.125	0.3	2.56270969387	0.798354712294	4.32706467545	0.00844404648186
P21964	Entacapone	COVID19nsp7	8	-5.99049664	81,84,94,95,247,250,251,252	55,56,58,84,85,86,87,88,90,191,193,194,223,224,251,252,253	Docking	0.136363636364	0.375	3.06300979753	1.20978718312	4.91623241193	0.0032777718804
P21964	Entacapone	COVID19nsp7	9	-5.98445988	55,56,90,116,141,142,144,193	55,56,58,84,85,86,87,88,90,191,193,194,223,224,251,252,253	Docking	0.190476190476	0.5	3.91427012597	2.10387796925	5.7246622827	0.000188016270595
P21964	Entacapone	COVID19nsp7	10	-5.93952751	84,94,95,247,250,251,252	55,56,58,84,85,86,87,88,90,191,193,194,223,224,251,252,253	Docking	0.142857142857	0.428571428571	3.39231742278	1.46466381482	5.31997103074	0.00189796052494
P27448	Ruxolitinib	COVID19orf9b	1	-6.99837065	170,171,173,175,232,233,293,296,297,299	60,61,62,63,64,65,70,81,134,135,136,137,138,139,141,142,143,145,146,182,185,188,201,204,210,211,213,214,249,250,251,254,255,256,260,264,267,269,270,271	Docking	0.0	0.0				
P27448	Ruxolitinib	COVID19orf9b	2	-6.78101254	62,63,70,85,134,135,136,138,139,195,196,204	60,61,62,63,64,65,70,81,134,135,136,137,138,139,141,142,143,145,146,182,185,188,201,204,210,211,213,214,249,250,251,254,255,256,260,264,267,269,270,271	Docking	0.209302325581	0.75	4.72879827329	3.08411732188	6.37347922471	1.12650546602e-06
P27448	Ruxolitinib	COVID19orf9b	3	-6.74255228	80,81,113,117,134,136,188,189,191,366	60,61,62,63,64,65,70,81,134,135,136,137,138,139,141,142,143,145,146,182,185,188,201,204,210,211,213,214,249,250,251,254,255,256,260,264,267,269,270,271	Docking	0.0869565217391	0.4	2.32726153919	0.738692929574	3.91583014881	0.00798239709757
P27448	Ruxolitinib	COVID19orf9b	4	-6.57817316	108,111,113,117,321,322,323,324,325,331,352,362,365,366	60,61,62,63,64,65,70,81,134,135,136,137,138,139,141,142,143,145,146,182,185,188,201,204,210,211,213,214,249,250,251,254,255,256,260,264,267,269,270,271	Docking	0.0	0.0				
P27448	Ruxolitinib	COVID19orf9b	5	-6.5710969	62,70,85,134,135,136,138,139,182,195,196,204	60,61,62,63,64,65,70,81,134,135,136,137,138,139,141,142,143,145,146,182,185,188,201,204,210,211,213,214,249,250,251,254,255,256,260,264,267,269,270,271	Docking	0.209302325581	0.75	4.72879827329	3.08411732188	6.37347922471	1.12650546602e-06
P27448	Ruxolitinib	COVID19orf9b	6	-6.52304935	108,109,111,117,172,321,322,324,352,362	60,61,62,63,64,65,70,81,134,135,136,137,138,139,141,142,143,145,146,182,185,188,201,204,210,211,213,214,249,250,251,254,255,256,260,264,267,269,270,271	Docking	0.0	0.0				
P27448	Ruxolitinib	COVID19orf9b	7	-6.47802925	99,177,178,200,201,202,211,212,215,216,223,224,229	60,61,62,63,64,65,70,81,134,135,136,137,138,139,141,142,143,145,146,182,185,188,201,204,210,211,213,214,249,250,251,254,255,256,260,264,267,269,270,271	Docking	0.0392156862745	0.153846153846	0.34792330342	-1.52207881493	2.21792542177	0.3797896482
P27448	Ruxolitinib	COVID19orf9b	8	-6.47120714	60,62,63,70,134,135,136,138,139,182,195,196,204	60,61,62,63,64,65,70,81,134,135,136,137,138,139,141,142,143,145,146,182,185,188,201,204,210,211,213,214,249,250,251,254,255,256,260,264,267,269,270,271	Docking	0.261904761905	0.846153846154	5.70473843192	3.82266372547	7.58681313837	3.08689526163e-07
P27448	Ruxolitinib	COVID19orf9b	9	-6.46481323	111,113,117,319,321,322,323,324,325,352,362,366	60,61,62,63,64,65,70,81,134,135,136,137,138,139,141,142,143,145,146,182,185,188,201,204,210,211,213,214,249,250,251,254,255,256,260,264,267,269,270,271	Docking	0.0	0.0				
P27448	Ruxolitinib	COVID19orf9b	10	-6.44903755	113,157,161,311,314,315,317,318,319,320	60,61,62,63,64,65,70,81,134,135,136,137,138,139,141,142,143,145,146,182,185,188,201,204,210,211,213,214,249,250,251,254,255,256,260,264,267,269,270,271	Docking	0.0	0.0				
P27448	ZINC95559591	COVID19orf9b	1	-7.28058815	60,61,62,63,70,85,134,135,136,138,139,182,195,196,204	60,61,62,63,64,65,70,81,134,135,136,137,138,139,141,142,143,145,146,182,185,188,201,204,210,211,213,214,249,250,251,254,255,256,260,264,267,269,270,271	Docking	0.279069767442	0.8	5.2906771609	3.68817441513	6.89317990667	2.80983512013e-08
P27448	ZINC95559591	COVID19orf9b	2	-7.1406765	62,63,70,85,134,135,136,138,139,182,195,196,204	60,61,62,63,64,65,70,81,134,135,136,137,138,139,141,142,143,145,146,182,185,188,201,204,210,211,213,214,249,250,251,254,255,256,260,264,267,269,270,271	Docking	0.232558139535	0.769230769231	4.92810708152	3.30069771281	6.55551645023	3.16394467959e-07
P27448	ZINC95559591	COVID19orf9b	3	-7.1314044	62,63,70,85,134,135,136,138,139,182,195,196,204	60,61,62,63,64,65,70,81,134,135,136,137,138,139,141,142,143,145,146,182,185,188,201,204,210,211,213,214,249,250,251,254,255,256,260,264,267,269,270,271	Docking	0.232558139535	0.769230769231	4.92810708152	3.30069771281	6.55551645023	3.16394467959e-07
P27448	ZINC95559591	COVID19orf9b	4	-6.87389898	62,63,64,70,85,134,135,136,138,139,182,195,196,204,210	60,61,62,63,64,65,70,81,134,135,136,137,138,139,141,142,143,145,146,182,185,188,201,204,210,211,213,214,249,250,251,254,255,256,260,264,267,269,270,271	Docking	0.279069767442	0.8	5.2906771609	3.68817441513	6.89317990667	2.80983512013e-08
P27448	ZINC95559591	COVID19orf9b	5	-6.84551287	62,63,64,65,70,85,134,135,136,138,139,182,195,196,204,210,211	60,61,62,63,64,65,70,81,134,135,136,137,138,139,141,142,143,145,146,182,185,188,201,204,210,211,213,214,249,250,251,254,255,256,260,264,267,269,270,271	Docking	0.325581395349	0.823529411765	5.61998478616	4.03365349313	7.20631607918	2.8163094079e-09
P27448	ZINC95559591	COVID19orf9b	6	-6.81713963	60,62,63,70,85,134,135,136,137,138,139,142,182,195,196,204	60,61,62,63,64,65,70,81,134,135,136,137,138,139,141,142,143,145,146,182,185,188,201,204,210,211,213,214,249,250,251,254,255,256,260,264,267,269,270,271	Docking	0.302325581395	0.8125	5.45862179822	3.86508293222	7.05216066421	8.78349160072e-09
P27448	ZINC95559591	COVID19orf9b	7	-6.7931571	80,81,113,117,134,136,188,189,191,362,365,366	60,61,62,63,64,65,70,81,134,135,136,137,138,139,141,142,143,145,146,182,185,188,201,204,210,211,213,214,249,250,251,254,255,256,260,264,267,269,270,271	Docking	0.0833333333333	0.333333333333	1.90153736111	0.388570090369	3.41450463186	0.0193531529534
P27448	ZINC95559591	COVID19orf9b	8	-6.76337767	62,63,64,65,66,67,70,85,134,135,139,182,195,196,201,202,204,210,211	60,61,62,63,64,65,70,81,134,135,136,137,138,139,141,142,143,145,146,182,185,188,201,204,210,211,213,214,249,250,251,254,255,256,260,264,267,269,270,271	Docking	0.282608695652	0.684210526316	4.44273875661	3.17741089681	5.70806661641	3.84067910808e-09
P27448	ZINC95559591	COVID19orf9b	9	-6.73474836	99,102,175,177,178,198,200,201,212,215,216,223,224,229,258	60,61,62,63,64,65,70,81,134,135,136,137,138,139,141,142,143,145,146,182,185,188,201,204,210,211,213,214,249,250,251,254,255,256,260,264,267,269,270,271	Docking	0.0185185185185	0.0666666666667	-1.05383815163	-3.54367095646	1.43599465321	0.243153314449
P27448	ZINC95559591	COVID19orf9b	10	-6.70697498	62,63,70,85,134,135,136,137,138,139,142,143,146,147,182,195,196,204	60,61,62,63,64,65,70,81,134,135,136,137,138,139,141,142,143,145,146,182,185,188,201,204,210,211,213,214,249,250,251,254,255,256,260,264,267,269,270,271	Docking	0.318181818182	0.777777777778	5.19967234484	3.76884994684	6.63049474283	1.13313869399e-09
Q92769	Apicidin	COVID19nsp5	1	-7.70523453	28,99,100,150,151,205,206,271,272,302	24,26,27,28,30,32,82,85,86,89,90,92,93,94,96,98,99,100,102,105,147,204,206,231,269,270,271,272,274,305,307,336,337,339,340,341,342,347,349,350,351	Docking	0.133333333333	0.6	3.79106983847	2.20214751168	5.37999216526	4.34517011204e-05
Q92769	Apicidin	COVID19nsp5	2	-7.68748569	55,56,58,64,67,120,123,124,129,162,163,166	24,26,27,28,30,32,82,85,86,89,90,92,93,94,96,98,99,100,102,105,147,204,206,231,269,270,271,272,274,305,307,336,337,339,340,341,342,347,349,350,351	Docking	0.0	0.0				
Q92769	Apicidin	COVID19nsp5	3	-7.58639812	21,22,24,32,34,271,305,306,307,336,337	24,26,27,28,30,32,82,85,86,89,90,92,93,94,96,98,99,100,102,105,147,204,206,231,269,270,271,272,274,305,307,336,337,339,340,341,342,347,349,350,351	Docking	0.155555555556	0.636363636364	4.0552824355	2.50759729799	5.60296757302	8.16694779737e-06
Q92769	Apicidin	COVID19nsp5	4	-7.48414946	28,99,100,150,151,205,206,271,272	24,26,27,28,30,32,82,85,86,89,90,92,93,94,96,98,99,100,102,105,147,204,206,231,269,270,271,272,274,305,307,336,337,339,340,341,342,347,349,350,351	Docking	0.136363636364	0.666666666667	4.21056698594	2.48028092001	5.94085305187	3.13156446589e-05
Q92769	Apicidin	COVID19nsp5	5	-7.38237667	55,56,58,64,67,120,123,127,163,166,167	24,26,27,28,30,32,82,85,86,89,90,92,93,94,96,98,99,100,102,105,147,204,206,231,269,270,271,272,274,305,307,336,337,339,340,341,342,347,349,350,351	Docking	0.0	0.0				
Q92769	Apicidin	COVID19nsp5	6	-7.3454895	28,100,150,151,205,206,271,272,302	24,26,27,28,30,32,82,85,86,89,90,92,93,94,96,98,99,100,102,105,147,204,206,231,269,270,271,272,274,305,307,336,337,339,340,341,342,347,349,350,351	Docking	0.111111111111	0.555555555556	3.48739344814	1.8418197687	5.13296712758	0.000245271981788
Q92769	Apicidin	COVID19nsp5	7	-7.31250048	28,100,150,151,205,206,271,272,274	24,26,27,28,30,32,82,85,86,89,90,92,93,94,96,98,99,100,102,105,147,204,206,231,269,270,271,272,274,305,307,336,337,339,340,341,342,347,349,350,351	Docking	0.136363636364	0.666666666667	4.21056698594	2.48028092001	5.94085305187	3.13156446589e-05
Q92769	Apicidin	COVID19nsp5	8	-7.29989719	96,99,100,150,151,205,206,207,272,302	24,26,27,28,30,32,82,85,86,89,90,92,93,94,96,98,99,100,102,105,147,204,206,231,269,270,271,272,274,305,307,336,337,339,340,341,342,347,349,350,351	Docking	0.108695652174	0.5	3.16099187667	1.60329961993	4.71868413342	0.000422121357859
Q92769	Apicidin	COVID19nsp5	9	-7.29286957	21,22,24,32,34,271,305,306,307,337	24,26,27,28,30,32,82,85,86,89,90,92,93,94,96,98,99,100,102,105,147,204,206,231,269,270,271,272,274,305,307,336,337,339,340,341,342,347,349,350,351	Docking	0.133333333333	0.6	3.79106983847	2.20214751168	5.37999216526	4.34517011204e-05
Q92769	Apicidin	COVID19nsp5	10	-7.28821468	67,68,145,162,186,187,189,190,191,209,217	24,26,27,28,30,32,82,85,86,89,90,92,93,94,96,98,99,100,102,105,147,204,206,231,269,270,271,272,274,305,307,336,337,339,340,341,342,347,349,350,351	Docking	0.0	0.0				
Q92769	Valproic Acid	COVID19nsp5	1	-4.99640608	100,150,151,205,206,272,302	24,26,27,28,30,32,82,85,86,89,90,92,93,94,96,98,99,100,102,105,147,204,206,231,269,270,271,272,274,305,307,336,337,339,340,341,342,347,349,350,351	Docking	0.0666666666667	0.428571428571	2.67242534197	0.814870183837	4.52998050011	0.00898062130223
Q92769	Valproic Acid	COVID19nsp5	2	-4.70508385	137,151	24,26,27,28,30,32,82,85,86,89,90,92,93,94,96,98,99,100,102,105,147,204,206,231,269,270,271,272,274,305,307,336,337,339,340,341,342,347,349,350,351	Docking	0.0	0.0				
Q92769	Valproic Acid	COVID19nsp5	3	-4.66124344	186,189,209,214	24,26,27,28,30,32,82,85,86,89,90,92,93,94,96,98,99,100,102,105,147,204,206,231,269,270,271,272,274,305,307,336,337,339,340,341,342,347,349,350,351	Docking	0.0	0.0				
Q92769	Valproic Acid	COVID19nsp5	4	-4.55645847	100,150,151,205,206,272	24,26,27,28,30,32,82,85,86,89,90,92,93,94,96,98,99,100,102,105,147,204,206,231,269,270,271,272,274,305,307,336,337,339,340,341,342,347,349,350,351	Docking	0.0681818181818	0.5	3.09192248944	1.11209247783	5.07175250105	0.00510277069922
Q92769	Valproic Acid	COVID19nsp5	5	-4.49557114	100,150,151,205,206,272,302	24,26,27,28,30,32,82,85,86,89,90,92,93,94,96,98,99,100,102,105,147,204,206,231,269,270,271,272,274,305,307,336,337,339,340,341,342,347,349,350,351	Docking	0.0666666666667	0.428571428571	2.67242534197	0.814870183837	4.52998050011	0.00898062130223
Q92769	Valproic Acid	COVID19nsp5	6	-4.38881016	186,189,209,214	24,26,27,28,30,32,82,85,86,89,90,92,93,94,96,98,99,100,102,105,147,204,206,231,269,270,271,272,274,305,307,336,337,339,340,341,342,347,349,350,351	Docking	0.0	0.0				
Q92769	Valproic Acid	COVID19nsp5	7	-4.38207245	78,81,105,106,109,112	24,26,27,28,30,32,82,85,86,89,90,92,93,94,96,98,99,100,102,105,147,204,206,231,269,270,271,272,274,305,307,336,337,339,340,341,342,347,349,350,351	Docking	0.0217391304348	0.166666666667	0.68706068834	-1.94272071458	3.31684209126	0.333693497286
Q92769	Valproic Acid	COVID19nsp5	8	-4.30508852	100,150,151,206,272	24,26,27,28,30,32,82,85,86,89,90,92,93,94,96,98,99,100,102,105,147,204,206,231,269,270,271,272,274,305,307,336,337,339,340,341,342,347,349,350,351	Docking	0.0697674418605	0.6	3.68133089519	1.4771955922	5.88546619818	0.00300511570821
Q92769	Valproic Acid	COVID19nsp5	9	-4.2750473	78,81,106,109,112	24,26,27,28,30,32,82,85,86,89,90,92,93,94,96,98,99,100,102,105,147,204,206,231,269,270,271,272,274,305,307,336,337,339,340,341,342,347,349,350,351	Docking	0.0	0.0				
Q92769	Valproic Acid	COVID19nsp5	10	-4.26377392	269,307,339,340,341,345,346,347	24,26,27,28,30,32,82,85,86,89,90,92,93,94,96,98,99,100,102,105,147,204,206,231,269,270,271,272,274,305,307,336,337,339,340,341,342,347,349,350,351	Docking	0.139534883721	0.75	4.79997539169	2.81695359934	6.78299718405	3.42513492683e-05
