P1	P2	Source	P1_Len	P1_N_Ires	P1_Ires	P2_Len	P2_N_Ires	P2_Ires
COVID19E	Q8IWA5	ECLAIR	75	0		706	0	
COVID19N	P19784	Docking	419	32	296,297,299,300,302,303,305,306,307,308,309,310,311,312,313,316,317,336,337,338,339,340,341,342,343,344,345,346,347,348,349,351	350	31	47,48,49,50,51,121,123,124,127,159,161,176,179,190,192,194,195,196,197,231,235,237,238,239,241,245,248,269,272,273,277
COVID19N	P19784	ECLAIR	419	46	68,70,100,101,104,109,123,124,149,152,153,154,158,169,172,259,260,263,275,276,286,302,303,306,307,308,309,310,311,312,313,315,316,317,319,320,330,331,332,333,334,335,337,350,351,357	350	17	38,48,51,63,72,73,74,75,76,106,127,192,231,237,240,279,281
COVID19N	Q9NR30	Docking	419	44	259,260,274,277,282,283,284,286,301,305,307,308,309,313,314,315,316,317,319,320,321,322,323,324,332,333,334,335,336,337,338,339,340,341,342,343,344,346,347,350,351,354,357,358	783	36	617,618,619,620,621,622,623,624,625,626,627,628,629,630,631,632,633,634,637,642,644,687,691,694,695,697,698,699,700,701,704,705,706,707,708,709
COVID19N	Q9NR30	ECLAIR	419	46	68,70,100,101,104,109,123,124,149,152,153,154,158,169,172,259,260,263,275,276,286,302,303,306,307,308,309,310,311,312,313,315,316,317,319,320,330,331,332,333,334,335,337,350,351,357	783	11	627,628,629,630,631,634,636,673,674,676,679
COVID19nsp14	P12268	Docking	527	43	114,115,116,118,148,152,155,157,158,161,164,165,168,172,175,176,209,220,221,228,229,231,232,269,301,402,404,405,406,408,431,433,441,462,463,464,500,502,503,504,505,507,509	514	37	36,37,38,39,40,41,42,45,238,242,371,392,394,395,399,400,449,450,451,452,455,456,459,462,463,466,467,469,470,472,491,492,493,494,496,497,498
COVID19nsp14	P12268	ECLAIR	527	28	8,9,114,142,144,145,146,147,148,165,168,245,246,247,248,250,263,267,268,297,298,310,404,406,412,423,426,517	514	70	36,41,94,117,120,139,140,141,142,144,161,165,205,219,224,225,226,227,228,234,235,277,281,282,329,330,331,332,333,334,335,337,339,356,357,398,399,400,401,402,405,406,407,412,414,415,417,429,430,431,438,439,440,441,443,444,448,449,459,466,500,501,502,503,504,505,506,507,508,509
COVID19nsp15	P62330	Docking	346	31	28,32,35,38,39,40,41,42,44,46,58,88,89,90,91,199,200,201,202,258,262,264,265,266,267,268,270,279,281,283,288	175	28	6,7,8,10,11,12,13,15,39,43,44,56,58,73,75,76,77,79,82,148,150,164,167,168,171,172,173,174
COVID19nsp15	P62330	ECLAIR	346	13	10,23,26,50,103,104,290,291,312,314,315,317,332	175	49	15,23,27,31,34,37,38,39,40,41,42,43,45,46,47,48,49,50,55,58,67,69,70,72,73,75,76,77,79,80,92,94,109,110,111,123,127,133,137,142,143,145,146,148,149,150,153,157,163
COVID19nsp2	O14975	ECLAIR	638	74	6,8,10,11,12,13,14,15,57,58,60,61,64,65,66,71,72,73,74,75,76,100,116,117,119,121,150,151,152,153,178,179,225,226,227,229,230,231,232,233,246,249,253,256,259,260,292,293,296,300,307,343,354,356,364,367,368,379,382,420,485,495,515,519,529,530,532,537,599,608,610,612,631,632	620	33	145,226,227,228,229,230,231,292,295,318,353,378,379,380,381,413,424,447,450,471,481,482,486,488,491,523,557,558,571,583,584,592,593
COVID19nsp5	Q92769	Docking	306	46	1,2,3,4,5,6,7,8,9,24,25,26,49,118,119,121,123,124,125,126,137,139,141,142,143,166,168,169,170,189,190,191,196,214,215,217,218,278,279,280,282,283,284,285,286,288	488	41	24,26,27,28,30,32,82,85,86,89,90,92,93,94,96,98,99,100,102,105,147,204,206,231,269,270,271,272,274,305,307,336,337,339,340,341,342,347,349,350,351
COVID19nsp5	Q92769	ECLAIR	306	7	139,141,142,169,189,218,278	488	40	24,71,105,145,166,167,186,190,191,202,203,213,218,219,221,236,271,280,326,327,328,331,333,336,340,342,347,348,349,350,354,357,358,361,362,365,366,369,372,373
COVID19nsp7	P21964	Docking	83	17	20,21,24,25,26,27,28,30,31,34,35,54,57,60,61,62,63	271	17	55,56,58,84,85,86,87,88,90,191,193,194,223,224,251,252,253
COVID19nsp7	P21964	ECLAIR	83	14	8,9,11,12,15,16,19,25,26,27,34,37,49,60	271	21	68,69,70,71,88,90,150,151,154,155,157,159,160,195,222,223,224,227,251,253,254
COVID19orf9b	P27448	Docking	97	25	39,40,41,42,43,44,45,46,47,48,49,58,61,62,64,65,67,69,70,71,72,73,74,75,76	753	40	60,61,62,63,64,65,70,81,134,135,136,137,138,139,141,142,143,145,146,182,185,188,201,204,210,211,213,214,249,250,251,254,255,256,260,264,267,269,270,271
COVID19orf9b	P27448	ECLAIR	97	20	44,45,46,48,49,50,52,53,56,57,59,60,61,64,65,67,68,69,70,71	753	60	94,98,101,102,105,145,146,147,173,208,209,210,211,212,213,214,223,225,226,228,256,257,258,262,263,266,267,271,272,274,275,278,279,305,337,338,659,660,661,662,663,665,667,669,677,684,685,691,693,721,722,723,724,734,735,737,738,741,742,745
COVID19orf9c	Q8TEQ8	ECLAIR	73	25	6,9,13,27,28,30,31,33,34,35,43,49,50,53,54,55,56,57,59,60,62,63,65,66,67	1089	0	
